min_dist: 13897884.566499
hit_time_step: 116726
gravity_device_id: -1
missile_cost: 0.000000
problem 1 2 3 time: 3.47873 sec
