min_dist: 11283183.768746
hit_time_step: 138784
gravity_device_id: -1
missile_cost: 0.000000
problem 1 2 3 time: 2.53422 sec
