min_dist: 11283183.768746
hit_time_step: 138784
gravity_device_id: 18
missile_cost: 7658980000.000000
problem 1 2 3 time: 2.51533 sec
