hit_time_step: 188600
gravity_device_id: 99
missile_cost: 9554320000.000000
problem 1 time: 5.48226 sec
